MIN=0	0
MAX=141.42135623731	80
SCALE=141.42135623731	20
DEC=2	1
DEF="Time" t / min	"Position" s / mm
0	13.4
0.25	0
0.5	79.3
0.75	79.3
1	51.2
1.25	9.6
1.5	0
1.75	0
2	0
2.25	0
2.5	79.3
2.75	79.3
3	79.3
3.25	66.5
3.5	38.4
3.75	10.8
4	0
4.25	0
4.5	0
4.75	0
5	0
5.25	0
5.5	0
5.75	0
6	0
6.25	0
6.5	0
6.75	0
7	0
7.25	15.3
7.5	35.2
7.75	55
8	74.2
8.25	79.3
8.5	79.3
8.75	79.3
9	79.3
9.25	79.3
9.5	79.3
9.75	79.3
10	72.9
10.25	49.9
10.5	26.8
10.75	5.1
11	0
11.25	0
11.5	0
11.75	0
12	0
12.25	0
12.5	0
12.75	0
13	0
13.25	0
13.5	0
13.75	0
14	0
14.25	0
14.5	0
14.75	0
15	6.4
15.25	24.3
15.5	42.2
15.75	60.1
16	76.8
16.25	79.3
16.5	79.3
16.75	79.3
17	79.3
17.25	79.3
17.5	79.3
17.75	79.3
18	79.3
18.25	79.3
18.5	79.3
18.75	79.3
19	79.3
19.25	79.3
19.5	79.3
19.75	79.3
20	65.2
20.25	51.2
20.5	37.1
20.75	23
21	10.2
21.25	0
21.5	0
21.75	0
22	0
22.25	0
22.5	0
22.75	0
23	0
23.25	0
23.5	0
23.75	0
24	0
24.25	0
24.5	0
24.75	1.2
25	12.1
25.25	23
25.5	34.5
25.75	45.4
26	56.3
26.25	66.5
26.5	74.8
26.75	79.3
27	79.3
27.25	79.3
27.5	79.3
27.75	79.3
28	79.3
28.25	79.3
28.5	79.3
28.75	79.3
29	79.3
29.25	79.3
29.5	74.2
29.75	66.5
30	57.6
30.25	48.6
30.5	39.6
30.75	30.7
31	23
31.25	14.7
31.5	7.6
31.75	1.2
32	0
32.25	0
32.5	0
32.75	0
33	0
33.25	0
33.5	0
33.75	0
34	0
34.25	0
34.5	6.4
34.75	11.5
35	18.5
35.25	25.6
35.5	32.6
35.75	39.6
36	46
36.25	52.4
36.5	58.8
36.75	64
37	68.4
37.25	71.6
37.5	74.2
37.75	76.8
38	76.8
38.25	76.8
38.5	75.5
38.75	72.9
39	69.7
39.25	66.5
39.5	61.4
39.75	56.9
40	51.8
40.25	46
40.5	40.9
40.75	35.8
41	29.4
41.25	24.3
41.5	20.4
41.75	15.3
42	11.5
42.25	8.9
42.5	6.4
42.75	5.1
43	5.1
43.25	5.1
43.5	6.4
43.75	7.6
44	10.2
44.25	12.8
44.5	16
44.75	19.2
45	24.3
45.25	28.1
45.5	33.2
45.75	37.1
46	42.2
46.25	46
46.5	49.9
46.75	52.4
47	56.3
47.25	58.8
47.5	60.1
47.75	61.4
48	62.7
48.25	62.7
48.5	61.4
48.75	60.1
49	58.8
49.25	56.3
49.5	53.7
49.75	51.2
50	47.3
50.25	43.5
50.5	40.9
50.75	37.1
51	33.2
51.25	30.7
51.5	26.8
51.75	24.3
52	21.7
52.25	20.4
52.5	17.9
52.75	17.9
53	16.6
53.25	16.6
53.5	16.6
53.75	17.9
54	19.2
54.25	20.4
54.5	23
54.75	25.6
55	28.1
55.25	30.7
55.5	33.2
55.75	35.8
56	39
56.25	42.2
56.5	44.8
56.75	46
57	48.6
57.25	49.9
57.5	51.2
57.75	52.4
58	52.4
58.25	52.4
58.5	52.4
58.75	52.4
59	51.2
59.25	49.9
59.5	48.6
59.75	46
60	44.8
60.25	42.2
60.5	39.6
60.75	38.4
61	35.8
61.25	33.2
61.5	31.3
61.75	29.4
62	28.1
62.25	26.8
62.5	25.6
62.75	25.6
63	24.3
63.25	24.3
63.5	24.3
63.75	24.3
64	25.6
64.25	26.8
64.5	28.1
64.75	29.4
65	30.7
65.25	32
65.5	34.5
65.75	35.8
66	38.4
66.25	39.6
66.5	40.9
66.75	42.2
67	43.5
67.25	44.8
67.5	46
67.75	46
68	47.3
68.25	47.3
68.5	47.3
68.75	46.7
69	46
69.25	46
69.5	44.8
69.75	43.5
70	42.2
70.25	40.9
70.5	39.6
70.75	38.4
71	37.1
71.25	35.8
71.5	33.2
71.75	33.2
72	32
72.25	30.7
72.5	30.7
72.75	29.4
73	29.4
73.25	29.4
73.5	29.4
73.75	29.4
74	29.4
74.25	30.7
74.5	31.3
74.75	32
75	33.2
75.25	34.5
75.5	35.8
75.75	37.1
76	37.1
76.25	38.4
76.5	39.6
76.75	40.9
77	41.6
77.25	42.2
77.5	42.2
77.75	43.5
78	43.5
78.25	43.5
78.5	43.5
78.75	43.5
79	43.5
79.25	43.5
79.5	42.2
79.75	40.9
80	40.9
80.25	39.6
80.5	38.4
80.75	38.4
81	37.1
81.25	35.8
81.5	35.8
81.75	34.5
82	33.2
82.25	33.2
82.5	33.2
82.75	33.2
83	32
83.25	32
83.5	32
83.75	32
84	32
84.25	33.2
84.5	33.2
84.75	34.5
85	34.5
85.25	35.8
85.5	35.8
85.75	37.1
86	37.1
86.25	38.4
86.5	39
86.75	39.6
87	39.6
87.25	40.9
87.5	40.9
87.75	40.9
88	40.9
88.25	40.9
88.5	40.9
88.75	40.9
89	40.9
89.25	40.9
89.5	40.9
89.75	40.9
90	39.6
90.25	39
90.5	38.4
90.75	38.4
91	37.1
91.25	37.1
91.5	35.8
91.75	35.8
92	35.8
92.25	35.8
92.5	34.5
92.75	34.5
93	34.5
93.25	34.5
93.5	34.5
93.75	34.5
94	34.5
94.25	34.5
94.5	34.5
94.75	34.5
95	35.8
95.25	35.8
95.5	37.1
95.75	37.1
96	37.1
96.25	37.1
96.5	38.4
96.75	38.4
97	38.4
97.25	39
97.5	39.6
97.75	39.6
98	39.6
98.25	39.6
98.5	39.6
98.75	39.6
99	39.6
99.25	39.6
99.5	39.6
99.75	39.6
100	39
100.25	38.4
100.5	38.4
100.75	38.4
101	38.4
101.25	37.1
101.5	37.1
101.75	37.1
102	37.1
102.25	37.1
102.5	35.8
102.75	35.8
103	35.8
103.25	35.8
103.5	35.8
103.75	35.8
104	35.8
104.25	35.8
104.5	35.8
104.75	35.8
105	37.1
105.25	37.1
105.5	37.1
105.75	37.1
106	37.1
106.25	37.1
106.5	38.4
106.75	38.4
107	38.4
107.25	38.4
107.5	38.4
107.75	38.4
108	38.4
108.25	38.4
108.5	38.4
108.75	38.4
109	38.4
109.25	38.4
109.5	38.4
109.75	38.4
110	38.4
110.25	38.4
110.5	37.1
110.75	37.1
111	37.1
111.25	37.1
111.5	37.1
111.75	35.8
112	35.8
112.25	35.8
112.5	35.8
112.75	35.8
113	35.8
113.25	35.8
113.5	35.8
113.75	35.8
114	35.8
114.25	35.8
114.5	35.8
114.75	37.1
115	37.1
115.25	37.1
115.5	37.1
115.75	37.1
116	37.1
116.25	37.1
116.5	38.4
116.75	38.4
117	38.4
117.25	38.4
117.5	38.4
117.75	38.4
118	38.4
118.25	38.4
118.5	38.4
118.75	38.4
119	38.4
119.25	38.4
119.5	38.4
119.75	37.1
120	37.1
120.25	37.1
120.5	37.1
120.75	37.1
121	37.1
121.25	37.1
121.5	36.4
121.75	35.8
122	35.8
122.25	35.8
122.5	35.8
122.75	35.8
123	35.8
123.25	35.8
123.5	35.8
123.75	35.8
124	37.1
124.25	37.1
124.5	37.1
124.75	37.1
125	37.1
125.25	37.1
125.5	37.1
125.75	37.1
126	37.1
126.25	37.1
126.5	38.4
126.75	38.4
127	38.4
127.25	38.4
127.5	38.4
127.75	38.4
128	38.4
128.25	38.4
128.5	38.4
128.75	38.4
129	38.4
129.25	38.4
129.500183333333	39
