0.00000 49.90000 0.99800
0.25728 53.10000 1.06200
0.50000 56.30000 1.12600
0.75000 59.50000 1.19000
1.00000 62.00000 1.24000
1.25000 64.60000 1.29200
1.50000 67.20000 1.34400
1.75000 69.10000 1.38200
2.00000 69.70000 1.39400
2.25000 71.60000 1.43200
2.50000 72.30000 1.44600
2.75000 71.60000 1.43200
3.00000 71.60000 1.43200
3.25000 71.60000 1.43200
3.50000 69.10000 1.38200
3.75000 67.20000 1.34400
4.00000 64.60000 1.29200
4.25000 62.00000 1.24000
4.50000 59.50000 1.19000
4.75000 56.90000 1.13800
5.00000 54.40000 1.08800
5.25000 51.20000 1.02400
5.50000 48.60000 0.97200
5.75000 46.00000 0.92000
6.00000 43.50000 0.87000
6.25000 40.90000 0.81800
6.50000 38.40000 0.76800
6.75000 35.80000 0.71600
7.00000 35.80000 0.71600
7.25000 33.90000 0.67800
7.50000 33.20000 0.66400
7.75000 33.20000 0.66400
8.00000 33.20000 0.66400
8.25000 33.20000 0.66400
8.50000 33.20000 0.66400
8.75000 33.90000 0.67800
9.00000 33.90000 0.67800
9.25000 37.10000 0.74200
9.50000 39.00000 0.78000
9.75000 41.60000 0.83200
10.00000 44.10000 0.88200
10.25000 46.00000 0.92000
10.50000 46.70000 0.93400
10.75000 49.20000 0.98400
11.00000 51.80000 1.03600
11.25000 54.40000 1.08800
11.50000 56.30000 1.12600
11.75000 56.90000 1.13800
12.00000 59.50000 1.19000
12.25000 59.50000 1.19000
12.50000 61.40000 1.22800
12.75000 61.40000 1.22800
13.00000 61.40000 1.22800
13.25000 61.40000 1.22800
13.50000 61.40000 1.22800
13.75000 59.50000 1.19000
14.00000 59.50000 1.19000
14.25000 59.50000 1.19000
14.50000 56.30000 1.12600
14.75000 54.40000 1.08800
15.00000 53.70000 1.07400
15.25000 51.20000 1.02400
15.50000 49.20000 0.98400
15.75000 48.60000 0.97200
16.00000 46.00000 0.92000
16.25000 43.50000 0.87000
16.50000 43.50000 0.87000
16.75000 40.90000 0.81800
17.00000 40.90000 0.81800
17.25000 39.00000 0.78000
17.50000 39.00000 0.78000
17.75000 39.00000 0.78000
18.00000 39.00000 0.78000
18.25000 39.00000 0.78000
18.50000 39.00000 0.78000
18.75000 39.00000 0.78000
19.00000 39.00000 0.78000
19.25000 39.00000 0.78000
19.50000 40.90000 0.81800
19.75000 41.60000 0.83200
20.00000 43.50000 0.87000
20.25000 44.10000 0.88200
20.50000 46.70000 0.93400
20.75000 46.70000 0.93400
21.00000 49.20000 0.98400
21.25000 49.20000 0.98400
21.50000 51.80000 1.03600
21.75000 51.80000 1.03600
22.00000 54.40000 1.08800
22.25000 54.40000 1.08800
22.50000 54.40000 1.08800
22.75000 56.30000 1.12600
23.00000 56.30000 1.12600
23.25000 56.30000 1.12600
23.50000 56.30000 1.12600
23.75000 56.30000 1.12600
24.00000 56.30000 1.12600
24.25000 54.40000 1.08800
24.50000 53.70000 1.07400
24.75000 53.70000 1.07400
25.00000 51.80000 1.03600
25.25000 51.20000 1.02400
25.50000 49.20000 0.98400
25.75000 48.60000 0.97200
26.00000 46.70000 0.93400
26.25000 46.00000 0.92000
26.50000 46.00000 0.92000
26.75000 43.50000 0.87000
27.00000 43.50000 0.87000
27.25000 43.50000 0.87000
27.50000 41.60000 0.83200
27.75000 41.60000 0.83200
28.00000 40.90000 0.81800
28.25000 40.90000 0.81800
28.50000 40.90000 0.81800
28.75000 41.60000 0.83200
29.00000 41.60000 0.83200
29.25000 41.60000 0.83200
29.50000 41.60000 0.83200
29.75000 43.50000 0.87000
30.00000 44.10000 0.88200
30.25000 44.10000 0.88200
30.50000 46.00000 0.92000
30.75000 46.70000 0.93400
31.00000 46.70000 0.93400
31.25000 48.60000 0.97200
31.50000 49.20000 0.98400
31.75000 49.20000 0.98400
32.00000 49.20000 0.98400
32.25000 51.80000 1.03600
32.50000 51.80000 1.03600
32.75000 51.80000 1.03600
33.00000 51.80000 1.03600
33.25000 51.80000 1.03600
33.50000 51.80000 1.03600
33.75000 51.80000 1.03600
34.00000 51.80000 1.03600
34.25000 51.80000 1.03600
34.50000 51.80000 1.03600
34.75000 51.20000 1.02400
35.00000 51.20000 1.02400
35.25000 51.20000 1.02400
35.50000 49.20000 0.98400
35.75000 48.60000 0.97200
36.00000 48.60000 0.97200
36.25000 48.60000 0.97200
36.50000 46.70000 0.93400
36.75000 46.00000 0.92000
37.00000 46.00000 0.92000
37.25000 46.00000 0.92000
37.50000 44.10000 0.88200
37.75000 44.10000 0.88200
38.00000 44.10000 0.88200
38.25000 43.50000 0.87000
38.50000 43.50000 0.87000
38.75000 43.50000 0.87000
39.00000 44.10000 0.88200
39.25000 44.10000 0.88200
39.50000 44.10000 0.88200
39.75000 44.10000 0.88200
40.00000 44.10000 0.88200
40.25000 46.00000 0.92000
40.50000 46.00000 0.92000
40.75000 46.70000 0.93400
41.00000 46.70000 0.93400
41.25000 46.70000 0.93400
41.50000 46.70000 0.93400
41.75000 49.20000 0.98400
42.00000 49.20000 0.98400
42.25000 49.20000 0.98400
42.50000 49.20000 0.98400
42.75000 49.20000 0.98400
43.00000 49.20000 0.98400
43.25000 49.20000 0.98400
43.50000 49.20000 0.98400
43.75000 49.20000 0.98400
44.00000 49.20000 0.98400
44.25000 49.20000 0.98400
44.50000 49.20000 0.98400
44.75000 49.20000 0.98400
45.00000 49.20000 0.98400
45.25000 49.20000 0.98400
45.50000 48.60000 0.97200
45.75000 48.60000 0.97200
46.00000 48.60000 0.97200
46.25000 48.60000 0.97200
46.50000 46.70000 0.93400
46.75000 46.70000 0.93400
47.00000 46.00000 0.92000
47.25000 46.00000 0.92000
47.50000 46.00000 0.92000
47.75000 46.00000 0.92000
48.00000 46.00000 0.92000
48.25000 46.00000 0.92000
48.50000 46.00000 0.92000
48.75000 46.00000 0.92000
49.00000 46.00000 0.92000
49.25000 46.00000 0.92000
49.50000 46.00000 0.92000
49.75000 46.00000 0.92000
50.00000 46.00000 0.92000
50.25000 46.00000 0.92000
50.50000 46.70000 0.93400
50.75000 46.70000 0.93400
51.00000 46.70000 0.93400
51.25000 46.70000 0.93400
51.50000 46.70000 0.93400
51.75000 46.70000 0.93400
52.00000 48.60000 0.97200
52.25000 49.20000 0.98400
52.50000 49.20000 0.98400
52.75000 49.20000 0.98400
53.00000 49.20000 0.98400
53.25000 49.20000 0.98400
53.50000 49.20000 0.98400
53.75000 49.20000 0.98400
54.00000 49.20000 0.98400
54.25000 49.20000 0.98400
54.50000 49.20000 0.98400
54.75000 49.20000 0.98400
55.00000 49.20000 0.98400
55.25000 48.60000 0.97200
55.50000 48.60000 0.97200
55.75000 48.60000 0.97200
56.00000 48.60000 0.97200
56.25000 48.60000 0.97200
56.50000 48.60000 0.97200
56.75000 46.70000 0.93400
57.00000 46.70000 0.93400
57.25000 46.70000 0.93400
57.50000 46.00000 0.92000
57.75000 46.00000 0.92000
58.00000 46.00000 0.92000
58.25000 46.00000 0.92000
58.50000 46.00000 0.92000
58.75000 46.00000 0.92000
59.00000 46.00000 0.92000
59.25000 46.00000 0.92000
59.50000 46.00000 0.92000
59.75000 46.00000 0.92000
60.00000 46.00000 0.92000
60.25000 46.70000 0.93400
60.50000 46.70000 0.93400
60.75000 46.70000 0.93400
61.00000 46.70000 0.93400
61.25000 46.70000 0.93400
61.50000 46.70000 0.93400
61.75000 46.70000 0.93400
62.00000 46.70000 0.93400
62.25000 46.70000 0.93400
62.50000 46.70000 0.93400
62.75000 47.30000 0.94600
63.00000 48.60000 0.97200
63.25000 48.60000 0.97200
63.50000 48.60000 0.97200
63.75000 48.60000 0.97200
64.00000 48.60000 0.97200
64.25000 48.60000 0.97200
64.50000 48.60000 0.97200
64.75000 48.60000 0.97200
65.00000 48.60000 0.97200
65.25000 48.60000 0.97200
65.50000 48.60000 0.97200
65.75000 48.60000 0.97200
66.00000 48.60000 0.97200
66.25000 48.60000 0.97200
66.50000 48.60000 0.97200
66.75000 46.70000 0.93400
67.00000 46.70000 0.93400
67.25000 46.70000 0.93400
67.50000 46.00000 0.92000
67.75000 46.00000 0.92000
68.00000 46.00000 0.92000
68.25000 46.00000 0.92000
68.50000 46.00000 0.92000
68.75000 46.00000 0.92000
69.00000 46.00000 0.92000
69.25000 46.00000 0.92000
69.50000 46.00000 0.92000
69.75000 46.00000 0.92000
70.00000 46.00000 0.92000
70.25000 46.70000 0.93400
70.50000 46.70000 0.93400
70.75000 46.70000 0.93400
71.00000 46.70000 0.93400
71.25000 46.70000 0.93400
71.50000 46.70000 0.93400
71.75000 46.70000 0.93400
72.00000 46.70000 0.93400
72.25000 46.70000 0.93400
72.50000 46.70000 0.93400
72.75000 46.70000 0.93400
73.00000 46.70000 0.93400
73.25000 46.70000 0.93400
73.50000 46.70000 0.93400
73.75000 46.70000 0.93400
74.00000 46.70000 0.93400
74.25000 46.70000 0.93400
74.50000 46.70000 0.93400
74.75000 46.70000 0.93400
75.00000 46.70000 0.93400
75.25000 46.70000 0.93400
75.50000 46.70000 0.93400
75.75000 46.70000 0.93400
76.00000 46.70000 0.93400
76.25000 46.70000 0.93400
76.50000 46.70000 0.93400
76.75000 46.70000 0.93400
77.00000 46.70000 0.93400
77.25000 46.70000 0.93400
77.50000 46.70000 0.93400
77.75000 46.70000 0.93400
78.00000 46.70000 0.93400
78.25000 46.70000 0.93400
78.50000 46.70000 0.93400
78.75000 46.70000 0.93400
79.00000 46.70000 0.93400
79.25000 46.70000 0.93400
79.50000 46.70000 0.93400
79.75000 46.70000 0.93400
80.00000 46.70000 0.93400
80.25000 46.70000 0.93400
80.50000 46.70000 0.93400
80.75000 46.70000 0.93400
81.00000 46.70000 0.93400
81.25000 46.70000 0.93400
81.50000 46.70000 0.93400
81.75000 46.70000 0.93400
82.00000 46.70000 0.93400
82.25000 46.70000 0.93400
82.50000 46.70000 0.93400
82.75000 46.70000 0.93400
83.00000 46.70000 0.93400
83.25000 46.70000 0.93400
83.50000 46.70000 0.93400
83.75000 46.70000 0.93400
84.00000 46.70000 0.93400
84.25000 46.70000 0.93400
84.50000 46.70000 0.93400
84.75000 46.70000 0.93400
85.00000 46.70000 0.93400
85.25000 46.70000 0.93400
85.50000 46.70000 0.93400
85.75000 46.70000 0.93400
86.00000 46.70000 0.93400
86.25000 46.00000 0.92000
86.50000 44.10000 0.88200
86.75000 42.20000 0.84400
87.00000 40.90000 0.81800
87.25000 38.40000 0.76800
87.50000 35.80000 0.71600
87.75000 33.20000 0.66400
88.00000 30.70000 0.61400
88.25000 28.10000 0.56200
88.50000 25.60000 0.51200
88.75000 23.00000 0.46000
89.00000 20.40000 0.40800
89.25000 17.90000 0.35800
89.50000 16.00000 0.32000
89.75000 15.30000 0.30600
90.00000 13.40000 0.26800
90.25000 13.40000 0.26800
90.50000 12.80000 0.25600
90.75000 13.40000 0.26800
91.00000 13.40000 0.26800
91.25000 14.00000 0.28000
91.50000 15.30000 0.30600
91.75000 16.00000 0.32000
92.00000 18.50000 0.37000
92.25000 20.40000 0.40800
92.50000 21.10000 0.42200
92.75000 23.60000 0.47200
93.00000 26.20000 0.52400
93.25000 28.80000 0.57600
93.50000 30.70000 0.61400
93.75000 31.30000 0.62600
94.00000 33.90000 0.67800
94.25000 36.40000 0.72800
94.50000 36.40000 0.72800
94.75000 39.00000 0.78000
95.00000 39.00000 0.78000
95.25000 40.90000 0.81800
95.50000 40.90000 0.81800
95.75000 40.90000 0.81800
96.00000 40.90000 0.81800
96.25000 40.90000 0.81800
96.50000 39.00000 0.78000
96.75000 39.00000 0.78000
97.00000 39.00000 0.78000
97.25000 36.40000 0.72800
97.50000 36.40000 0.72800
97.75000 33.90000 0.67800
98.00000 30.70000 0.61400
98.25000 28.80000 0.57600
98.50000 28.10000 0.56200
98.75000 25.60000 0.51200
99.00000 23.60000 0.47200
99.25000 23.00000 0.46000
99.50000 21.10000 0.42200
99.75000 20.40000 0.40800
100.00000 20.40000 0.40800
100.25000 18.50000 0.37000
100.50000 18.50000 0.37000
100.75000 18.50000 0.37000
101.00000 18.50000 0.37000
101.25000 18.50000 0.37000
101.50000 18.50000 0.37000
101.75000 20.40000 0.40800
102.00000 21.10000 0.42200
102.25000 21.10000 0.42200
102.50000 23.60000 0.47200
102.75000 23.60000 0.47200
103.00000 26.20000 0.52400
103.25000 26.20000 0.52400
103.50000 28.80000 0.57600
103.75000 28.80000 0.57600
104.00000 31.30000 0.62600
104.25000 31.30000 0.62600
104.50000 33.90000 0.67800
104.75000 33.90000 0.67800
105.00000 33.90000 0.67800
105.25000 33.90000 0.67800
105.50000 36.40000 0.72800
105.75000 36.40000 0.72800
106.00000 36.40000 0.72800
106.25000 36.40000 0.72800
106.50000 36.40000 0.72800
106.75000 36.40000 0.72800
107.00000 36.40000 0.72800
107.25000 33.90000 0.67800
107.50000 33.90000 0.67800
107.75000 33.90000 0.67800
108.00000 31.30000 0.62600
108.25000 31.30000 0.62600
108.50000 28.10000 0.56200
108.75000 28.10000 0.56200
109.00000 26.20000 0.52400
109.25000 25.60000 0.51200
109.50000 25.60000 0.51200
109.75000 23.60000 0.47200
110.00000 23.00000 0.46000
110.25000 23.00000 0.46000
110.50000 23.00000 0.46000
110.75000 23.00000 0.46000
111.00000 23.00000 0.46000
111.25000 23.00000 0.46000
111.50000 23.00000 0.46000
111.75000 23.00000 0.46000
112.00000 23.60000 0.47200
112.25000 23.60000 0.47200
112.50000 24.30000 0.48600
112.75000 25.60000 0.51200
113.00000 26.20000 0.52400
113.25000 26.20000 0.52400
113.50000 28.80000 0.57600
113.75000 28.80000 0.57600
114.00000 28.80000 0.57600
114.25000 28.80000 0.57600
114.50000 31.30000 0.62600
114.75000 31.30000 0.62600
115.00000 31.30000 0.62600
115.25000 31.30000 0.62600
115.50000 31.30000 0.62600
115.75000 33.90000 0.67800
116.00000 33.90000 0.67800
116.25000 33.90000 0.67800
116.50000 33.90000 0.67800
116.75000 33.90000 0.67800
117.00000 33.90000 0.67800
117.25000 33.90000 0.67800
117.50000 31.30000 0.62600
117.75000 31.30000 0.62600
118.00000 31.30000 0.62600
118.25000 31.30000 0.62600
118.50000 28.80000 0.57600
118.75000 28.10000 0.56200
119.00000 28.10000 0.56200
119.25000 26.80000 0.53600
119.50000 26.20000 0.52400
119.75000 25.60000 0.51200
120.00000 25.60000 0.51200
120.25000 25.60000 0.51200
120.50000 25.60000 0.51200
120.75000 25.60000 0.51200
121.00000 25.60000 0.51200
121.25000 25.60000 0.51200
121.50000 25.60000 0.51200
121.75000 25.60000 0.51200
122.00000 25.60000 0.51200
122.25000 25.60000 0.51200
122.50000 26.20000 0.52400
122.75000 26.20000 0.52400
123.00000 26.20000 0.52400
123.25000 28.10000 0.56200
123.50000 28.80000 0.57600
123.75000 28.80000 0.57600
124.00000 28.80000 0.57600
124.25000 28.80000 0.57600
124.50000 28.80000 0.57600
124.75000 31.30000 0.62600
125.00000 31.30000 0.62600
125.25000 31.30000 0.62600
125.50000 31.30000 0.62600
125.75000 31.30000 0.62600
126.00000 31.30000 0.62600
126.25000 31.30000 0.62600
126.50000 31.30000 0.62600
126.75000 31.30000 0.62600
127.00000 31.30000 0.62600
127.25000 31.30000 0.62600
127.50000 31.30000 0.62600
127.75000 31.30000 0.62600
128.00000 31.30000 0.62600
128.25000 31.30000 0.62600
128.50000 28.80000 0.57600
128.75000 28.10000 0.56200
129.00000 28.10000 0.56200
129.25000 28.10000 0.56200
129.50000 28.10000 0.56200
129.75000 28.10000 0.56200
130.00000 26.20000 0.52400
130.25000 26.20000 0.52400
130.50000 26.20000 0.52400
130.75000 25.60000 0.51200
131.00000 25.60000 0.51200
131.25000 25.60000 0.51200
131.50000 26.20000 0.52400
131.75000 26.20000 0.52400
132.00000 26.20000 0.52400
132.25000 26.20000 0.52400
132.50000 26.20000 0.52400
132.75000 26.20000 0.52400
133.00000 26.20000 0.52400
133.25000 28.10000 0.56200
133.50000 28.80000 0.57600
133.75000 28.80000 0.57600
134.00000 28.80000 0.57600
134.25000 28.80000 0.57600
134.50000 28.80000 0.57600
134.75000 28.80000 0.57600
135.00000 28.80000 0.57600
135.25000 28.80000 0.57600
135.50000 28.80000 0.57600
135.75000 28.80000 0.57600
136.00000 28.80000 0.57600
136.25000 28.80000 0.57600
136.50000 28.80000 0.57600
136.75000 28.80000 0.57600
137.00000 28.80000 0.57600
137.25000 28.80000 0.57600
137.50000 28.80000 0.57600
137.75000 28.80000 0.57600
138.00000 28.80000 0.57600
138.25000 28.80000 0.57600
138.50000 28.80000 0.57600
138.75000 28.80000 0.57600
139.00000 28.80000 0.57600
139.25000 28.10000 0.56200
139.50000 28.10000 0.56200
139.75000 28.10000 0.56200
140.00000 28.10000 0.56200
140.25000 28.10000 0.56200
140.50000 28.10000 0.56200
140.75000 28.10000 0.56200
141.00000 28.10000 0.56200
141.25000 28.10000 0.56200
141.50000 28.10000 0.56200
141.75000 28.10000 0.56200
142.00000 28.10000 0.56200
142.25000 28.10000 0.56200
142.50000 28.10000 0.56200
142.75000 28.10000 0.56200
143.00000 28.10000 0.56200
143.25000 28.10000 0.56200
143.50000 28.10000 0.56200
143.75000 28.80000 0.57600
144.00000 28.80000 0.57600
144.25000 28.80000 0.57600
144.50000 28.80000 0.57600
144.75000 28.80000 0.57600
145.00000 28.80000 0.57600
145.25000 28.80000 0.57600
145.50000 28.80000 0.57600
145.75000 28.80000 0.57600
146.00000 28.80000 0.57600
146.25000 28.80000 0.57600
146.50000 28.80000 0.57600
146.75000 28.80000 0.57600
147.00000 28.80000 0.57600
147.25000 28.80000 0.57600
147.50000 28.80000 0.57600
147.75000 28.80000 0.57600
148.00000 28.80000 0.57600
148.25000 28.80000 0.57600
148.50000 28.80000 0.57600
148.75000 28.80000 0.57600
149.00000 28.80000 0.57600
149.25000 28.80000 0.57600
149.50000 28.80000 0.57600
149.75000 28.10000 0.56200
150.00000 28.10000 0.56200
150.25000 28.10000 0.56200
150.50000 28.10000 0.56200
150.75000 28.10000 0.56200
151.00000 28.10000 0.56200
151.25000 28.10000 0.56200
151.50000 28.10000 0.56200
151.75000 28.10000 0.56200
152.00000 28.10000 0.56200
152.25000 28.10000 0.56200
152.50000 28.10000 0.56200
152.75000 28.10000 0.56200
153.00000 28.10000 0.56200
153.25000 28.10000 0.56200
153.50000 28.80000 0.57600
153.75000 28.80000 0.57600
154.00000 28.80000 0.57600
154.25000 28.80000 0.57600
154.50000 28.80000 0.57600
154.75000 28.80000 0.57600
155.00000 28.80000 0.57600
155.25000 28.80000 0.57600
155.50000 28.80000 0.57600
155.75000 28.80000 0.57600
156.00000 28.80000 0.57600
156.25000 28.80000 0.57600
156.50000 28.80000 0.57600
156.75000 28.80000 0.57600
157.00000 28.80000 0.57600
157.25000 28.80000 0.57600
157.50000 28.80000 0.57600
157.75000 28.80000 0.57600
158.00000 28.80000 0.57600
158.25000 28.80000 0.57600
158.50000 28.80000 0.57600
158.75000 28.80000 0.57600
159.00000 28.80000 0.57600
159.25003 28.80000 0.57600
159.50020 28.80000 0.57600
