328.43799 14.03000 14.03106 0.02163 0.00092
328.18900 14.02000 14.02038 0.02163 0.00092
327.92099 14.01000 14.00887 0.02163 0.00092
327.70099 14.00000 13.99943 0.02163 0.00092
327.43600 13.99000 13.98806 0.02163 0.00092
327.19101 13.98000 13.97754 0.02163 0.00092
327.10599 13.97000 13.97389 0.02163 0.00092
326.54800 13.95000 13.94995 0.02163 0.00092
326.82001 13.96000 13.96162 0.02163 0.00092
326.54999 13.95000 13.95003 0.02163 0.00092
326.30301 13.94000 13.93943 0.02163 0.00092
326.07700 13.93000 13.92973 0.02163 0.00092
