Length of data 501
   -2.50                -41.00
   -2.49                  6.00
   -2.48                  0.00
   -2.47                  3.00
   -2.46                 -3.00
   -2.45                 -6.00
   -2.44                 -3.00
   -2.43                 -2.00
   -2.42                 -3.00
   -2.41                  2.00
   -2.40                 -2.00
   -2.39                  0.00
   -2.38                 -3.00
   -2.37                  0.00
   -2.36                 -3.00
   -2.35                 -1.00
   -2.34                  1.00
   -2.33                 -5.00
   -2.32                  0.00
   -2.31                 -1.00
   -2.30                  2.00
   -2.29                 -1.00
   -2.28                 -1.00
   -2.27                 -2.00
   -2.26                  1.00
   -2.25                  0.00
   -2.24                  0.00
   -2.23                  0.00
   -2.22                  0.00
   -2.21                  1.00
   -2.20                 -2.00
   -2.19                 -1.00
   -2.18                 -3.00
   -2.17                 -3.00
   -2.16                  2.00
   -2.15                  1.00
   -2.14                  0.00
   -2.13                 -3.00
   -2.12                 -2.00
   -2.11                 -1.00
   -2.10                 -2.00
   -2.09                 -3.00
   -2.08                 -8.00
   -2.07                 -3.00
   -2.06                 -1.00
   -2.05                 -3.00
   -2.04                 -3.00
   -2.03                  5.00
   -2.02                  0.00
   -2.01                 -1.00
   -2.00                 -1.00
   -1.99                  3.00
   -1.98                  0.00
   -1.97                 -3.00
   -1.96                  0.00
   -1.95                 -3.00
   -1.94                  2.00
   -1.93                 -1.00
   -1.92                 -1.00
   -1.91                  0.00
   -1.90                  1.00
   -1.89                 -2.00
   -1.88                  4.00
   -1.87                  1.00
   -1.86                  3.00
   -1.85                  3.00
   -1.84                  5.00
   -1.83                  1.00
   -1.82                 -1.00
   -1.81                  1.00
   -1.80                  0.00
   -1.79                  1.00
   -1.78                 -1.00
   -1.77                  2.00
   -1.76                  1.00
   -1.75                 -2.00
   -1.74                  4.00
   -1.73                  7.00
   -1.72                  6.00
   -1.71                  5.00
   -1.70                  3.00
   -1.69                  1.00
   -1.68                 -1.00
   -1.67                  4.00
   -1.66                  6.00
   -1.65                  5.00
   -1.64                  6.00
   -1.63                  5.00
   -1.62                  3.00
   -1.61                  3.00
   -1.60                  9.00
   -1.59                  7.00
   -1.58                  4.00
   -1.57                  4.00
   -1.56                  5.00
   -1.55                  7.00
   -1.54                  3.00
   -1.53                 11.00
   -1.52                 10.00
   -1.51                  8.00
   -1.50                  8.00
   -1.49                 10.00
   -1.48                 11.00
   -1.47                  8.00
   -1.46                 12.00
   -1.45                 17.00
   -1.44                 12.00
   -1.43                  9.00
   -1.42                 13.00
   -1.41                 16.00
   -1.40                 12.00
   -1.39                 21.00
   -1.38                 20.00
   -1.37                 18.00
   -1.36                 24.00
   -1.35                 24.00
   -1.34                 23.00
   -1.33                 25.00
   -1.32                 22.00
   -1.31                 26.00
   -1.30                 22.00
   -1.29                 23.00
   -1.28                 27.00
   -1.27                 25.00
   -1.26                 28.00
   -1.25                 27.00
   -1.24                 28.00
   -1.23                 29.00
   -1.22                 31.00
   -1.21                 34.00
   -1.20                 33.00
   -1.19                 34.00
   -1.18                 32.00
   -1.17                 38.00
   -1.16                 36.00
   -1.15                 39.00
   -1.14                 41.00
   -1.13                 38.00
   -1.12                 44.00
   -1.11                 40.00
   -1.10                 37.00
   -1.09                 41.00
   -1.08                 42.00
   -1.07                 45.00
   -1.06                 49.00
   -1.05                 50.00
   -1.04                 49.00
   -1.03                 50.00
   -1.02                 54.00
   -1.01                 60.00
   -1.00                 53.00
   -0.99                 55.00
   -0.98                 59.00
   -0.97                 64.00
   -0.96                 57.00
   -0.95                 58.00
   -0.94                 66.00
   -0.93                 65.00
   -0.92                 64.00
   -0.91                 72.00
   -0.90                 77.00
   -0.89                 74.00
   -0.88                 76.00
   -0.87                 79.00
   -0.86                 82.00
   -0.85                 79.00
   -0.84                 92.00
   -0.83                 88.00
   -0.82                 86.00
   -0.81                 93.00
   -0.80                100.00
   -0.79                100.00
   -0.78                 98.00
   -0.77                109.00
   -0.76                111.00
   -0.75                113.00
   -0.74                115.00
   -0.73                123.00
   -0.72                126.00
   -0.71                128.00
   -0.70                127.00
   -0.69                134.00
   -0.68                134.00
   -0.67                137.00
   -0.66                146.00
   -0.65                149.00
   -0.64                145.00
   -0.63                147.00
   -0.62                152.00
   -0.61                152.00
   -0.60                146.00
   -0.59                143.00
   -0.58                144.00
   -0.57                137.00
   -0.56                131.00
   -0.55                123.00
   -0.54                121.00
   -0.53                115.00
   -0.52                 96.00
   -0.51                 99.00
   -0.50                100.00
   -0.49                 82.00
   -0.48                 80.00
   -0.47                 75.00
   -0.46                 56.00
   -0.45                 60.00
   -0.44                 58.00
   -0.43                 35.00
   -0.42                 28.00
   -0.41                 21.00
   -0.40                 12.00
   -0.39                  2.00
   -0.38                  8.00
   -0.37                -10.00
   -0.36                -30.00
   -0.35                -30.00
   -0.34                -44.00
   -0.33                -47.00
   -0.32                -67.00
   -0.31                -76.00
   -0.30                -81.00
   -0.29                -95.00
   -0.28               -114.00
   -0.27               -114.00
   -0.26               -119.00
   -0.25               -135.00
   -0.24               -147.00
   -0.23               -151.00
   -0.22               -165.00
   -0.21               -172.00
   -0.20               -179.00
   -0.19               -181.00
   -0.18               -182.00
   -0.17               -190.00
   -0.16               -190.00
   -0.15               -183.00
   -0.14               -189.00
   -0.13               -196.00
   -0.12               -194.00
   -0.11               -180.00
   -0.10               -186.00
   -0.09               -193.00
   -0.08               -172.00
   -0.07               -161.00
   -0.06               -172.00
   -0.05               -175.00
   -0.04               -158.00
   -0.03               -155.00
   -0.02               -148.00
   -0.01               -152.00
    0.00               -143.00
    0.01               -134.00
    0.02               -132.00
    0.03               -129.00
    0.04               -121.00
    0.05               -116.00
    0.06               -113.00
    0.07               -105.00
    0.08                -96.00
    0.09                -94.00
    0.10                -94.00
    0.11                -87.00
    0.12                -84.00
    0.13                -80.00
    0.14                -67.00
    0.15                -64.00
    0.16                -62.00
    0.17                -55.00
    0.18                -51.00
    0.19                -42.00
    0.20                -34.00
    0.21                -30.00
    0.22                -29.00
    0.23                -22.00
    0.24                -22.00
    0.25                -17.00
    0.26                -11.00
    0.27                -12.00
    0.28                -16.00
    0.29                -14.00
    0.30                -12.00
    0.31                 -3.00
    0.32                 -8.00
    0.33                 -7.00
    0.34                 -5.00
    0.35                 -2.00
    0.36                 -3.00
    0.37                 -5.00
    0.38                 -4.00
    0.39                 -1.00
    0.40                 -3.00
    0.41                 -3.00
    0.42                 -3.00
    0.43                 -2.00
    0.44                 -3.00
    0.45                 -3.00
    0.46                 -2.00
    0.47                 -4.00
    0.48                 -5.00
    0.49                 -5.00
    0.50                  0.00
    0.51                 -3.00
    0.52                 -2.00
    0.53                 -5.00
    0.54                 -6.00
    0.55                 -3.00
    0.56                 -1.00
    0.57                  0.00
    0.58                  0.00
    0.59                 -7.00
    0.60                 -2.00
    0.61                  4.00
    0.62                 -2.00
    0.63                 -7.00
    0.64                 -8.00
    0.65                  1.00
    0.66                 -3.00
    0.67                -11.00
    0.68                 -3.00
    0.69                  2.00
    0.70                 -4.00
    0.71                  4.00
    0.72                  4.00
    0.73                  4.00
    0.74                 -2.00
    0.75                 -4.00
    0.76                 -4.00
    0.77                  0.00
    0.78                 -3.00
    0.79                 -3.00
    0.80                 -2.00
    0.81                  1.00
    0.82                 -3.00
    0.83                 -3.00
    0.84                 -6.00
    0.85                 -1.00
    0.86                 -4.00
    0.87                  0.00
    0.88                 -3.00
    0.89                 -1.00
    0.90                  2.00
    0.91                 -4.00
    0.92                 -2.00
    0.93                 -1.00
    0.94                 -2.00
    0.95                 -4.00
    0.96                  2.00
    0.97                  0.00
    0.98                 -3.00
    0.99                 -3.00
    1.00                 -3.00
    1.01                 -3.00
    1.02                 -1.00
    1.03                 -1.00
    1.04                 -2.00
    1.05                 -2.00
    1.06                 -5.00
    1.07                  1.00
    1.08                 -2.00
    1.09                 -2.00
    1.10                 -4.00
    1.11                 -1.00
    1.12                  0.00
    1.13                 -3.00
    1.14                 -4.00
    1.15                 -3.00
    1.16                 -5.00
    1.17                 -4.00
    1.18                 -3.00
    1.19                 -4.00
    1.20                 -4.00
    1.21                 -3.00
    1.22                 -1.00
    1.23                 -5.00
    1.24                 -5.00
    1.25                 -7.00
    1.26                 -3.00
    1.27                  4.00
    1.28                 -1.00
    1.29                 -3.00
    1.30                 -1.00
    1.31                 -3.00
    1.32                  3.00
    1.33                  1.00
    1.34                 -2.00
    1.35                 -3.00
    1.36                 -2.00
    1.37                 -6.00
    1.38                 -2.00
    1.39                 -1.00
    1.40                 -6.00
    1.41                 -3.00
    1.42                 -6.00
    1.43                 -2.00
    1.44                 -2.00
    1.45                 -2.00
    1.46                 -8.00
    1.47                 -3.00
    1.48                 -6.00
    1.49                  0.00
    1.50                 -4.00
    1.51                 -2.00
    1.52                 -1.00
    1.53                  0.00
    1.54                 -2.00
    1.55                 -2.00
    1.56                  0.00
    1.57                 -4.00
    1.58                 -1.00
    1.59                 -3.00
    1.60                  1.00
    1.61                  2.00
    1.62                 -6.00
    1.63                 -3.00
    1.64                 -3.00
    1.65                  2.00
    1.66                 -3.00
    1.67                 -4.00
    1.68                 -1.00
    1.69                 -5.00
    1.70                 -4.00
    1.71                 -5.00
    1.72                 -3.00
    1.73                 -4.00
    1.74                  1.00
    1.75                 -3.00
    1.76                 -3.00
    1.77                 -2.00
    1.78                  1.00
    1.79                 -3.00
    1.80                  1.00
    1.81                 -2.00
    1.82                 -3.00
    1.83                 -3.00
    1.84                 -4.00
    1.85                  1.00
    1.86                  1.00
    1.87                  1.00
    1.88                 -2.00
    1.89                 -1.00
    1.90                  1.00
    1.91                 -3.00
    1.92                 -3.00
    1.93                  2.00
    1.94                  0.00
    1.95                 -7.00
    1.96                 -5.00
    1.97                 -4.00
    1.98                 -3.00
    1.99                 -6.00
    2.00                 -1.00
    2.01                  0.00
    2.02                 -1.00
    2.03                 -1.00
    2.04                 -3.00
    2.05                 -3.00
    2.06                  0.00
    2.07                  0.00
    2.08                  0.00
    2.09                 -2.00
    2.10                 -4.00
    2.11                 -1.00
    2.12                 -1.00
    2.13                 -3.00
    2.14                 -3.00
    2.15                  1.00
    2.16                  2.00
    2.17                 -1.00
    2.18                  4.00
    2.19                 -1.00
    2.20                  2.00
    2.21                  1.00
    2.22                  0.00
    2.23                 -3.00
    2.24                 -3.00
    2.25                 -2.00
    2.26                 -1.00
    2.27                 -6.00
    2.28                 -1.00
    2.29                  0.00
    2.30                  0.00
    2.31                 -1.00
    2.32                  1.00
    2.33                  2.00
    2.34                 -4.00
    2.35                 -4.00
    2.36                 -1.00
    2.37                 -3.00
    2.38                 -3.00
    2.39                 -1.00
    2.40                 -3.00
    2.41                  0.00
    2.42                 -4.00
    2.43                 -5.00
    2.44                 -5.00
    2.45                 -3.00
    2.46                 -3.00
    2.47                 -2.00
    2.48                 -3.00
    2.49                 -4.00
    2.50                 -4.00

