2.25 -0.49
2.50 -0.00
2.75 0.00
3.00 -0.00
6.50 -0.00
6.75 -0.00
7.25 -0.00
7.50 0.00
7.75 0.00
8.00 0.00
8.25 0.00
8.50 0.00
8.75 0.00
11.75 0.00
12.00 0.00
12.25 0.00
12.50 0.00
12.75 0.00
13.00 0.00
13.25 -0.00
13.50 -0.00
13.75 0.00
14.00 -0.00
16.00 -0.00
16.25 -0.00
16.50 -0.00
16.75 -0.00
17.00 -0.00
17.25 0.00
17.50 0.00
17.75 0.00
18.00 0.00
18.25 0.00
18.50 0.00
18.75 0.00
19.00 0.00
20.25 0.00
20.50 0.00
20.75 0.00
21.00 0.00
21.25 0.00
21.50 0.00
21.75 0.00
22.00 0.00
22.25 0.00
22.50 0.00
22.75 0.00
23.00 0.00
23.25 0.00
23.50 0.00
23.75 -0.00
24.25 -0.00
24.50 -0.00
26.00 -0.00
26.25 -0.00
26.50 -0.00
26.75 0.00
27.00 -0.00
27.25 -0.00
27.50 -0.00
27.75 -0.00
28.00 0.00
28.25 0.00
28.50 0.00
28.75 0.00
29.00 0.00
29.25 0.00
29.75 0.00
30.00 0.00
30.50 0.00
30.75 0.00
31.25 0.00
31.50 0.00
31.75 0.00
32.00 0.00
32.25 0.00
32.50 0.00
32.75 0.00
33.00 0.00
33.25 0.00
33.50 0.00
33.75 0.00
34.00 0.00
34.25 -0.00
34.50 -0.00
34.75 0.00
35.00 -0.00
35.50 -0.00
35.75 0.00
36.00 -0.00
36.50 -0.00
36.75 0.00
37.00 -0.00
37.25 -0.00
37.50 0.00
37.75 -0.00
38.00 -0.00
38.25 0.00
38.50 0.00
38.75 0.00
39.00 0.00
39.25 0.00
39.50 0.00
39.75 0.00
40.00 0.00
40.25 0.00
40.50 0.00
40.75 0.00
41.00 0.00
41.25 0.00
41.50 0.00
41.75 0.00
42.00 0.00
42.25 0.00
42.50 0.00
42.75 0.00
43.00 0.00
43.25 0.00
43.50 0.00
43.75 0.00
44.00 0.00
44.25 0.00
44.50 0.00
44.75 0.00
45.00 -0.00
45.25 -0.00
45.50 0.00
45.75 0.00
46.00 -0.00
46.25 -0.00
46.50 -0.00
46.75 -0.00
47.00 0.00
47.25 0.00
47.50 0.00
47.75 0.00
48.00 0.00
48.25 0.00
48.50 0.00
48.75 0.00
49.00 0.00
49.25 0.00
49.50 0.00
49.75 0.00
50.00 0.00
50.25 0.00
50.50 0.00
50.75 0.00
51.00 0.00
51.25 0.00
51.50 0.00
52.00 0.00
52.25 0.00
52.50 0.00
52.75 0.00
53.00 0.00
53.25 0.00
53.50 0.00
53.75 0.00
54.00 0.00
54.25 0.00
54.50 0.00
54.75 -0.00
55.00 -0.00
55.25 0.00
55.50 0.00
55.75 0.00
56.00 0.00
56.25 -0.00
56.50 -0.00
56.75 0.00
57.00 -0.00
57.25 -0.00
57.50 0.00
57.75 0.00
58.00 0.00
58.25 0.00
58.50 0.00
58.75 0.00
59.00 0.00
59.25 0.00
59.50 0.00
59.75 0.00
60.00 0.00
60.25 0.00
60.50 0.00
60.75 0.00
61.00 0.00
61.25 0.00
61.50 0.00
61.75 0.00
62.00 0.00
62.25 0.00
62.75 0.00
63.00 0.00
63.25 0.00
63.50 0.00
63.75 0.00
64.00 0.00
64.25 0.00
64.50 0.00
64.75 0.00
65.00 0.00
65.25 0.00
65.50 0.00
65.75 0.00
66.00 0.00
66.25 -0.00
66.50 -0.00
66.75 0.00
67.00 -0.00
67.25 -0.00
67.50 0.00
67.75 0.00
68.00 0.00
68.25 0.00
68.50 0.00
68.75 0.00
69.00 0.00
69.25 0.00
69.50 0.00
69.75 0.00
70.00 0.00
70.25 0.00
70.50 0.00
70.75 0.00
71.00 0.00
71.25 0.00
71.50 0.00
71.75 0.00
72.00 0.00
72.25 0.00
72.50 0.00
72.75 0.00
73.00 0.00
73.25 0.00
73.50 0.00
73.75 0.00
74.00 0.00
74.25 0.00
74.50 0.00
74.75 0.00
75.00 0.00
75.25 0.00
75.50 0.00
75.75 0.00
76.00 0.00
76.25 0.00
76.50 0.00
76.75 0.00
77.00 0.00
77.25 0.00
77.50 0.00
77.75 0.00
78.00 0.00
78.25 0.00
78.50 0.00
78.75 0.00
79.00 0.00
79.25 0.00
79.50 0.00
79.75 0.00
80.00 0.00
80.25 0.00
80.50 0.00
80.75 0.00
81.00 0.00
81.25 0.00
81.50 0.00
81.75 0.00
82.00 0.00
82.25 0.00
82.50 0.00
82.75 0.00
83.00 0.00
83.25 0.00
83.50 0.00
83.75 0.00
84.00 0.00
84.25 0.00
84.50 0.00
84.75 0.00
85.00 0.00
85.25 0.00
85.50 0.00
85.75 -0.00
89.75 -0.00
90.00 -0.00
90.25 -0.36
90.50 0.00
90.75 0.00
94.00 0.00
94.25 0.00
94.50 0.00
94.75 0.00
95.00 0.00
95.25 0.00
95.50 0.00
95.75 0.00
96.00 -0.00
96.25 -0.00
96.50 0.00
96.75 -0.00
97.00 -0.00
97.25 -0.00
99.50 -0.00
99.75 -0.00
100.00 -0.00
100.25 0.00
100.50 0.00
100.75 0.00
101.00 0.00
101.25 0.00
101.75 0.00
102.00 0.00
102.25 0.00
102.50 0.00
102.75 0.00
103.00 0.00
103.25 0.00
103.50 0.00
103.75 0.00
104.00 0.00
104.25 0.00
104.50 0.00
104.75 0.00
105.00 0.00
105.25 0.00
105.50 0.00
105.75 0.00
106.00 0.00
106.25 0.00
106.50 0.00
106.75 -0.00
107.00 -0.00
107.25 0.00
107.50 -0.00
107.75 -0.00
108.00 -0.00
108.25 -0.00
108.50 -0.00
109.00 -0.00
109.25 -0.00
109.75 -0.00
110.00 0.00
110.25 0.00
110.50 0.00
110.75 0.00
111.00 0.00
111.25 0.00
111.50 0.00
111.75 0.00
112.00 0.00
112.75 0.00
113.00 0.00
113.25 0.00
113.50 0.00
113.75 0.00
114.00 0.00
114.25 0.00
114.50 0.00
114.75 0.00
115.00 0.00
115.25 0.00
115.50 0.00
115.75 0.00
116.00 0.00
116.25 0.00
116.50 0.00
116.75 0.00
117.00 -0.00
117.25 -0.00
117.50 0.00
117.75 0.00
118.00 -0.00
118.50 -0.00
118.75 -0.00
119.50 -0.00
119.75 0.00
120.00 0.00
120.25 0.00
120.50 0.00
120.75 0.00
121.00 0.00
121.25 0.00
121.50 0.00
121.75 0.00
122.00 0.00
122.25 0.00
122.50 0.00
122.75 0.00
123.25 0.00
123.50 0.00
123.75 0.00
124.00 0.00
124.25 0.00
124.50 0.00
124.75 0.00
125.00 0.00
125.25 0.00
125.50 0.00
125.75 0.00
126.00 0.00
126.25 0.00
126.50 0.00
126.75 0.00
127.00 0.00
127.25 0.00
127.50 0.00
127.75 0.00
128.00 -0.00
128.50 -0.00
128.75 0.00
129.00 0.00
129.25 0.00
129.50 -0.00
129.75 -0.00
130.00 0.00
130.25 -0.00
130.50 -0.00
130.75 0.00
131.00 0.00
131.25 0.00
131.50 0.00
131.75 0.00
132.00 0.00
132.25 0.00
132.50 0.00
132.75 0.00
133.25 0.00
133.50 0.00
133.75 0.00
134.00 0.00
134.25 0.00
134.50 0.00
134.75 0.00
135.00 0.00
135.25 0.00
135.50 0.00
135.75 0.00
136.00 0.00
136.25 0.00
136.50 0.00
136.75 0.00
137.00 0.00
137.25 0.00
137.50 0.00
137.75 0.00
138.00 0.00
138.25 0.00
138.50 0.00
138.75 -0.00
139.00 -0.00
139.25 0.00
139.50 0.00
139.75 0.00
140.00 0.00
140.25 0.00
140.50 0.00
140.75 0.00
141.00 0.00
141.25 0.00
141.50 0.00
141.75 0.00
142.00 0.00
142.25 0.00
142.50 0.00
142.75 0.00
143.00 0.00
143.25 0.00
143.50 0.00
143.75 0.00
144.00 0.00
144.25 0.00
144.50 0.00
144.75 0.00
145.00 0.00
145.25 0.00
145.50 0.00
145.75 0.00
146.00 0.00
146.25 0.00
146.50 0.00
146.75 0.00
147.00 0.00
147.25 0.00
147.50 0.00
147.75 0.00
148.00 0.00
148.25 0.00
148.50 0.00
148.75 0.00
149.00 0.00
149.25 -0.00
149.50 -0.00
149.75 0.00
150.00 0.00
150.25 0.00
150.50 0.00
150.75 0.00
151.00 0.00
151.25 0.00
151.50 0.00
151.75 0.00
152.00 0.00
152.25 0.00
152.50 0.00
152.75 0.00
153.00 0.00
153.25 0.00
153.50 0.00
153.75 0.00
154.00 0.00
154.25 0.00
154.50 0.00
154.75 0.00
155.00 0.00
155.25 0.00
155.50 0.00
155.75 0.00
156.00 0.00
156.25 0.00
156.50 0.00
156.75 0.00
157.00 0.00
157.25 0.00
157.50 0.00
157.75 0.00
158.00 0.00
158.25 0.00
158.50 0.00
158.75 0.00
159.00 0.00
