length = 242
46.70000 
46.00000 
46.00000 
43.50000 
43.50000 
43.50000 
41.60000 
41.60000 
40.90000 
40.90000 
40.90000 
41.60000 
41.60000 
41.60000 
41.60000 
43.50000 
44.10000 
44.10000 
46.00000 
46.70000 
46.70000 
48.60000 
49.20000 
49.20000 
49.20000 
51.80000 
51.80000 
51.80000 
51.80000 
51.80000 
51.80000 
51.80000 
51.80000 
51.80000 
51.80000 
51.20000 
51.20000 
51.20000 
49.20000 
48.60000 
48.60000 
48.60000 
46.70000 
46.00000 
46.00000 
46.00000 
44.10000 
44.10000 
44.10000 
43.50000 
43.50000 
43.50000 
44.10000 
44.10000 
44.10000 
44.10000 
44.10000 
46.00000 
46.00000 
46.70000 
46.70000 
46.70000 
46.70000 
49.20000 
49.20000 
49.20000 
49.20000 
49.20000 
49.20000 
49.20000 
49.20000 
49.20000 
49.20000 
49.20000 
49.20000 
49.20000 
49.20000 
49.20000 
48.60000 
48.60000 
48.60000 
48.60000 
46.70000 
46.70000 
46.00000 
46.00000 
46.00000 
46.00000 
46.00000 
46.00000 
46.00000 
46.00000 
46.00000 
46.00000 
46.00000 
46.00000 
46.00000 
46.00000 
46.70000 
46.70000 
46.70000 
46.70000 
46.70000 
46.70000 
48.60000 
49.20000 
49.20000 
49.20000 
49.20000 
49.20000 
49.20000 
49.20000 
49.20000 
49.20000 
49.20000 
49.20000 
49.20000 
48.60000 
48.60000 
48.60000 
48.60000 
48.60000 
48.60000 
46.70000 
46.70000 
46.70000 
46.00000 
46.00000 
46.00000 
46.00000 
46.00000 
46.00000 
46.00000 
46.00000 
46.00000 
46.00000 
46.00000 
46.70000 
46.70000 
46.70000 
46.70000 
46.70000 
46.70000 
46.70000 
46.70000 
46.70000 
46.70000 
47.30000 
48.60000 
48.60000 
48.60000 
48.60000 
48.60000 
48.60000 
48.60000 
48.60000 
48.60000 
48.60000 
48.60000 
48.60000 
48.60000 
48.60000 
48.60000 
46.70000 
46.70000 
46.70000 
46.00000 
46.00000 
46.00000 
46.00000 
46.00000 
46.00000 
46.00000 
46.00000 
46.00000 
46.00000 
46.00000 
46.70000 
46.70000 
46.70000 
46.70000 
46.70000 
46.70000 
46.70000 
46.70000 
46.70000 
46.70000 
46.70000 
46.70000 
46.70000 
46.70000 
46.70000 
46.70000 
46.70000 
46.70000 
46.70000 
46.70000 
46.70000 
46.70000 
46.70000 
46.70000 
46.70000 
46.70000 
46.70000 
46.70000 
46.70000 
46.70000 
46.70000 
46.70000 
46.70000 
46.70000 
46.70000 
46.70000 
46.70000 
46.70000 
46.70000 
46.70000 
46.70000 
46.70000 
46.70000 
46.70000 
46.70000 
46.70000 
46.70000 
46.70000 
46.70000 
46.70000 
46.70000 
46.70000 
46.70000 
46.70000 
46.70000 
46.70000 
46.70000 
46.70000 
46.70000 
46.70000 
46.70000 
46.70000 
46.70000 
46.70000 
46.00000 
