length = 165 
28.80000 
28.10000 
28.10000 
26.80000 
26.20000 
25.60000 
25.60000 
25.60000 
25.60000 
25.60000 
25.60000 
25.60000 
25.60000 
25.60000 
25.60000 
25.60000 
26.20000 
26.20000 
26.20000 
28.10000 
28.80000 
28.80000 
28.80000 
28.80000 
28.80000 
31.30000 
31.30000 
31.30000 
31.30000 
31.30000 
31.30000 
31.30000 
31.30000 
31.30000 
31.30000 
31.30000 
31.30000 
31.30000 
31.30000 
31.30000 
28.80000 
28.10000 
28.10000 
28.10000 
28.10000 
28.10000 
26.20000 
26.20000 
26.20000 
25.60000 
25.60000 
25.60000 
26.20000 
26.20000 
26.20000 
26.20000 
26.20000 
26.20000 
26.20000 
28.10000 
28.80000 
28.80000 
28.80000 
28.80000 
28.80000 
28.80000 
28.80000 
28.80000 
28.80000 
28.80000 
28.80000 
28.80000 
28.80000 
28.80000 
28.80000 
28.80000 
28.80000 
28.80000 
28.80000 
28.80000 
28.80000 
28.80000 
28.80000 
28.10000 
28.10000 
28.10000 
28.10000 
28.10000 
28.10000 
28.10000 
28.10000 
28.10000 
28.10000 
28.10000 
28.10000 
28.10000 
28.10000 
28.10000 
28.10000 
28.10000 
28.10000 
28.80000 
28.80000 
28.80000 
28.80000 
28.80000 
28.80000 
28.80000 
28.80000 
28.80000 
28.80000 
28.80000 
28.80000 
28.80000 
28.80000 
28.80000 
28.80000 
28.80000 
28.80000 
28.80000 
28.80000 
28.80000 
28.80000 
28.80000 
28.80000 
28.10000 
28.10000 
28.10000 
28.10000 
28.10000 
28.10000 
28.10000 
28.10000 
28.10000 
28.10000 
28.10000 
28.10000 
28.10000 
28.10000 
28.10000 
28.80000 
28.80000 
28.80000 
28.80000 
28.80000 
28.80000 
28.80000 
28.80000 
28.80000 
28.80000 
28.80000 
28.80000 
28.80000 
28.80000 
28.80000 
28.80000 
28.80000 
28.80000 
28.80000 
28.80000 
28.80000 
28.80000 
28.80000 
28.80000 
28.80000 
