0.00000 44.10000 0.11361 0.88200 
0.25000 43.50000 0.11361 0.87000 
0.50000 48.60000 0.11361 0.97200 
0.75000 53.70000 0.11361 1.07400 
1.00000 53.70000 0.11361 1.07400 
1.25000 56.90000 0.11361 1.13800 
1.50000 62.00000 0.11361 1.24000 
1.75000 64.60000 0.11361 1.29200 
2.00000 64.60000 0.11361 1.29200 
2.25000 68.40000 0.11361 1.36800 
2.50000 71.60000 0.11361 1.43200 
2.75000 71.60000 0.11361 1.43200 
3.00000 71.60000 0.11361 1.43200 
3.25000 72.30000 0.11361 1.44600 
3.50000 74.20000 0.11361 1.48400 
3.75000 71.60000 0.11361 1.43200 
4.00000 69.70000 0.11361 1.39400 
4.25000 69.70000 0.11361 1.39400 
4.50000 69.10000 0.11361 1.38200 
4.75000 64.60000 0.11361 1.29200 
5.00000 62.70000 0.11361 1.25400 
5.25000 61.40000 0.11361 1.22800 
5.50000 58.80000 0.11361 1.17600 
5.75000 54.40000 0.11361 1.08800 
6.00000 52.40000 0.11361 1.04800 
6.25000 51.20000 0.11361 1.02400 
6.50000 48.00000 0.11361 0.96000 
6.75000 44.80000 0.11361 0.89600 
7.00000 43.50000 0.11361 0.87000 
7.25000 41.60000 0.11361 0.83200 
7.50000 39.00000 0.11361 0.78000 
7.75000 38.40000 0.11361 0.76800 
8.00000 38.40000 0.11361 0.76800 
8.25000 38.40000 0.11361 0.76800 
8.50000 37.10000 0.11361 0.74200 
8.75000 38.40000 0.11361 0.76800 
9.00000 39.00000 0.11361 0.78000 
9.25000 39.00000 0.11361 0.78000 
9.50000 40.90000 0.11361 0.81800 
9.75000 41.60000 0.11361 0.83200 
10.00000 44.10000 0.11361 0.88200 
10.25000 46.00000 0.11361 0.92000 
10.50000 47.30000 0.11361 0.94600 
10.75000 51.20000 0.11361 1.02400 
11.00000 52.40000 0.11361 1.04800 
11.25000 54.40000 0.11361 1.08800 
11.50000 56.30000 0.11361 1.12600 
11.75000 58.80000 0.11361 1.17600 
12.00000 59.50000 0.11361 1.19000 
12.25000 61.40000 0.11361 1.22800 
12.50000 62.00000 0.11361 1.24000 
12.75000 64.00000 0.11361 1.28000 
13.00000 64.60000 0.11361 1.29200 
13.25000 64.60000 0.11361 1.29200 
13.50000 64.60000 0.11361 1.29200 
13.75000 64.60000 0.11361 1.29200 
14.00000 64.00000 0.11361 1.28000 
14.25000 64.00000 0.11361 1.28000 
14.50000 62.70000 0.11361 1.25400 
14.75000 61.40000 0.11361 1.22800 
15.00000 59.50000 0.11361 1.19000 
15.25000 58.80000 0.11361 1.17600 
15.50000 56.90000 0.11361 1.13800 
15.75000 56.30000 0.11361 1.12600 
16.00000 53.70000 0.11361 1.07400 
16.25000 51.80000 0.11361 1.03600 
16.50000 51.20000 0.11361 1.02400 
16.75000 48.60000 0.11361 0.97200 
17.00000 46.70000 0.11361 0.93400 
17.25000 46.00000 0.11361 0.92000 
17.50000 46.00000 0.11361 0.92000 
17.75000 44.10000 0.11361 0.88200 
18.00000 43.50000 0.11361 0.87000 
18.25000 43.50000 0.11361 0.87000 
18.50000 43.50000 0.11361 0.87000 
18.75000 43.50000 0.11361 0.87000 
19.00000 43.50000 0.11361 0.87000 
19.25000 43.50000 0.11361 0.87000 
19.50000 44.10000 0.11361 0.88200 
19.75000 44.80000 0.11361 0.89600 
20.00000 46.00000 0.11361 0.92000 
20.25000 46.70000 0.11361 0.93400 
20.50000 48.60000 0.11361 0.97200 
20.75000 49.90000 0.11361 0.99800 
21.00000 51.20000 0.11361 1.02400 
21.25000 52.40000 0.11361 1.04800 
21.50000 53.70000 0.11361 1.07400 
21.75000 54.40000 0.11361 1.08800 
22.00000 56.30000 0.11361 1.12600 
22.25000 56.90000 0.11361 1.13800 
22.50000 57.60000 0.11361 1.15200 
22.75000 59.50000 0.11361 1.19000 
23.00000 59.50000 0.11361 1.19000 
23.25000 59.50000 0.11361 1.19000 
23.50000 60.10000 0.11361 1.20200 
23.75000 60.10000 0.11361 1.20200 
24.00000 60.10000 0.11361 1.20200 
24.25000 59.50000 0.11361 1.19000 
24.50000 59.50000 0.11361 1.19000 
24.75000 59.50000 0.11361 1.19000 
25.00000 58.80000 0.11361 1.17600 
25.25000 56.90000 0.11361 1.13800 
25.50000 56.30000 0.11361 1.12600 
25.75000 56.30000 0.11361 1.12600 
26.00000 54.40000 0.11361 1.08800 
26.25000 53.70000 0.11361 1.07400 
26.50000 51.80000 0.11361 1.03600 
26.75000 51.20000 0.11361 1.02400 
27.00000 51.20000 0.11361 1.02400 
27.25000 49.20000 0.11361 0.98400 
27.50000 48.60000 0.11361 0.97200 
27.75000 48.60000 0.11361 0.97200 
28.00000 46.70000 0.11361 0.93400 
28.25000 46.70000 0.11361 0.93400 
28.50000 46.70000 0.11361 0.93400 
28.75000 46.00000 0.11361 0.92000 
29.00000 46.00000 0.11361 0.92000 
29.25000 46.70000 0.11361 0.93400 
29.50000 46.70000 0.11361 0.93400 
29.75000 46.70000 0.11361 0.93400 
30.00000 46.70000 0.11361 0.93400 
30.25000 48.60000 0.11361 0.97200 
30.50000 49.20000 0.11361 0.98400 
30.75000 49.90000 0.11361 0.99800 
31.00000 51.20000 0.11361 1.02400 
31.25000 51.80000 0.11361 1.03600 
31.50000 52.40000 0.11361 1.04800 
31.75000 53.70000 0.11361 1.07400 
32.00000 54.40000 0.11361 1.08800 
32.25000 54.40000 0.11361 1.08800 
32.50000 56.30000 0.11361 1.12600 
32.75000 56.30000 0.11361 1.12600 
33.00000 56.90000 0.11361 1.13800 
33.25000 56.90000 0.11361 1.13800 
33.50000 57.60000 0.11361 1.15200 
33.75000 57.60000 0.11361 1.15200 
34.00000 57.60000 0.11361 1.15200 
34.25000 57.60000 0.11361 1.15200 
34.50000 56.90000 0.11361 1.13800 
34.75000 56.90000 0.11361 1.13800 
35.00000 56.90000 0.11361 1.13800 
35.25000 56.30000 0.11361 1.12600 
35.50000 56.30000 0.11361 1.12600 
35.75000 56.30000 0.11361 1.12600 
36.00000 54.40000 0.11361 1.08800 
36.25000 54.40000 0.11361 1.08800 
36.50000 53.70000 0.11361 1.07400 
36.75000 53.10000 0.11361 1.06200 
37.00000 51.80000 0.11361 1.03600 
37.25000 51.80000 0.11361 1.03600 
37.50000 51.20000 0.11361 1.02400 
37.75000 51.20000 0.11361 1.02400 
38.00000 49.90000 0.11361 0.99800 
38.25000 49.20000 0.11361 0.98400 
38.50000 49.20000 0.11361 0.98400 
38.75000 49.20000 0.11361 0.98400 
39.00000 49.20000 0.11361 0.98400 
39.25000 49.20000 0.11361 0.98400 
39.50000 49.20000 0.11361 0.98400 
39.75000 49.20000 0.11361 0.98400 
40.00000 49.90000 0.11361 0.99800 
40.25000 49.90000 0.11361 0.99800 
40.50000 49.90000 0.11361 0.99800 
40.75000 51.20000 0.11361 1.02400 
41.00000 51.80000 0.11361 1.03600 
41.25000 51.80000 0.11361 1.03600 
41.50000 52.40000 0.11361 1.04800 
41.75000 53.70000 0.11361 1.07400 
42.00000 53.70000 0.11361 1.07400 
42.25000 54.40000 0.11361 1.08800 
42.50000 54.40000 0.11361 1.08800 
42.75000 54.40000 0.11361 1.08800 
43.00000 54.40000 0.11361 1.08800 
43.25000 56.30000 0.11361 1.12600 
43.50000 56.30000 0.11361 1.12600 
43.75000 56.30000 0.11361 1.12600 
44.00000 56.30000 0.11361 1.12600 
44.25000 56.30000 0.11361 1.12600 
44.50000 56.30000 0.11361 1.12600 
44.75000 56.30000 0.11361 1.12600 
45.00000 56.30000 0.11361 1.12600 
45.25000 56.30000 0.11361 1.12600 
45.50000 56.30000 0.11361 1.12600 
45.75000 56.30000 0.11361 1.12600 
46.00000 54.40000 0.11361 1.08800 
46.25000 54.40000 0.11361 1.08800 
46.50000 54.40000 0.11361 1.08800 
46.75000 53.70000 0.11361 1.07400 
47.00000 53.70000 0.11361 1.07400 
47.25000 52.40000 0.11361 1.04800 
47.50000 51.80000 0.11361 1.03600 
47.75000 51.80000 0.11361 1.03600 
48.00000 51.80000 0.11361 1.03600 
48.25000 51.20000 0.11361 1.02400 
48.50000 51.20000 0.11361 1.02400 
48.75000 51.20000 0.11361 1.02400 
49.00000 51.20000 0.11361 1.02400 
49.25000 51.20000 0.11361 1.02400 
49.50000 51.20000 0.11361 1.02400 
49.75000 51.20000 0.11361 1.02400 
50.00000 51.20000 0.11361 1.02400 
50.25000 51.20000 0.11361 1.02400 
50.50000 51.20000 0.11361 1.02400 
50.75000 51.80000 0.11361 1.03600 
51.00000 51.80000 0.11361 1.03600 
51.25000 51.80000 0.11361 1.03600 
51.50000 52.40000 0.11361 1.04800 
51.75000 52.40000 0.11361 1.04800 
52.00000 53.70000 0.11361 1.07400 
52.25000 53.70000 0.11361 1.07400 
52.50000 54.40000 0.11361 1.08800 
52.75000 54.40000 0.11361 1.08800 
53.00000 54.40000 0.11361 1.08800 
53.25000 54.40000 0.11361 1.08800 
53.50000 54.40000 0.11361 1.08800 
53.75000 54.40000 0.11361 1.08800 
54.00000 54.40000 0.11361 1.08800 
54.25000 54.40000 0.11361 1.08800 
54.50000 54.40000 0.11361 1.08800 
54.75000 54.40000 0.11361 1.08800 
55.00000 54.40000 0.11361 1.08800 
55.25000 54.40000 0.11361 1.08800 
55.50000 54.40000 0.11361 1.08800 
55.75000 54.40000 0.11361 1.08800 
56.00000 54.40000 0.11361 1.08800 
56.25000 54.40000 0.11361 1.08800 
56.50000 54.40000 0.11361 1.08800 
56.75000 54.40000 0.11361 1.08800 
57.00000 53.70000 0.11361 1.07400 
57.25000 53.70000 0.11361 1.07400 
57.50000 53.70000 0.11361 1.07400 
57.75000 53.70000 0.11361 1.07400 
58.00000 53.70000 0.11361 1.07400 
58.25000 52.40000 0.11361 1.04800 
58.50000 52.40000 0.11361 1.04800 
58.75000 51.80000 0.11361 1.03600 
59.00000 51.80000 0.11361 1.03600 
59.25000 51.80000 0.11361 1.03600 
59.50000 51.80000 0.11361 1.03600 
59.75000 51.80000 0.11361 1.03600 
60.00000 51.80000 0.11361 1.03600 
60.25000 51.80000 0.11361 1.03600 
60.50000 51.80000 0.11361 1.03600 
60.75000 52.40000 0.11361 1.04800 
61.00000 52.40000 0.11361 1.04800 
61.25000 52.40000 0.11361 1.04800 
61.50000 52.40000 0.11361 1.04800 
61.75000 52.40000 0.11361 1.04800 
62.00000 53.70000 0.11361 1.07400 
62.25000 53.70000 0.11361 1.07400 
62.50000 53.70000 0.11361 1.07400 
62.75000 54.40000 0.11361 1.08800 
63.00000 54.40000 0.11361 1.08800 
63.25000 54.40000 0.11361 1.08800 
63.50000 54.40000 0.11361 1.08800 
63.75000 54.40000 0.11361 1.08800 
64.00000 54.40000 0.11361 1.08800 
64.25000 54.40000 0.11361 1.08800 
64.50000 54.40000 0.11361 1.08800 
64.75000 54.40000 0.11361 1.08800 
65.00000 54.40000 0.11361 1.08800 
65.25000 54.40000 0.11361 1.08800 
65.50000 54.40000 0.11361 1.08800 
65.75000 54.40000 0.11361 1.08800 
66.00000 54.40000 0.11361 1.08800 
66.25000 54.40000 0.11361 1.08800 
66.50000 54.40000 0.11361 1.08800 
66.75000 54.40000 0.11361 1.08800 
67.00000 54.40000 0.11361 1.08800 
67.25000 53.70000 0.11361 1.07400 
67.50000 53.70000 0.11361 1.07400 
67.75000 53.70000 0.11361 1.07400 
68.00000 53.70000 0.11361 1.07400 
68.25000 53.70000 0.11361 1.07400 
68.50000 53.70000 0.11361 1.07400 
68.75000 53.70000 0.11361 1.07400 
69.00000 53.70000 0.11361 1.07400 
69.25000 53.70000 0.11361 1.07400 
69.50000 53.70000 0.11361 1.07400 
69.75000 53.70000 0.11361 1.07400 
70.00000 53.70000 0.11361 1.07400 
70.25000 53.70000 0.11361 1.07400 
70.50000 53.70000 0.11361 1.07400 
70.75000 53.70000 0.11361 1.07400 
71.00000 53.70000 0.11361 1.07400 
71.25000 53.70000 0.11361 1.07400 
71.50000 53.70000 0.11361 1.07400 
71.75000 53.70000 0.11361 1.07400 
72.00000 53.70000 0.11361 1.07400 
72.25000 53.70000 0.11361 1.07400 
72.50000 53.70000 0.11361 1.07400 
72.75000 53.70000 0.11361 1.07400 
73.00000 54.40000 0.11361 1.08800 
73.25000 54.40000 0.11361 1.08800 
73.50000 54.40000 0.11361 1.08800 
73.75000 54.40000 0.11361 1.08800 
74.00000 54.40000 0.11361 1.08800 
74.25000 54.40000 0.11361 1.08800 
74.50000 54.40000 0.11361 1.08800 
74.75000 54.40000 0.11361 1.08800 
75.00000 54.40000 0.11361 1.08800 
75.25000 54.40000 0.11361 1.08800 
75.50000 54.40000 0.11361 1.08800 
75.75000 54.40000 0.11361 1.08800 
76.00000 54.40000 0.11361 1.08800 
76.25000 54.40000 0.11361 1.08800 
76.50000 54.40000 0.11361 1.08800 
76.75000 54.40000 0.11361 1.08800 
77.00000 54.40000 0.11361 1.08800 
77.25000 54.40000 0.11361 1.08800 
77.50000 54.40000 0.11361 1.08800 
77.75000 53.70000 0.11361 1.07400 
78.00000 53.70000 0.11361 1.07400 
78.25000 53.70000 0.11361 1.07400 
78.50000 53.70000 0.11361 1.07400 
78.75000 53.70000 0.11361 1.07400 
79.00000 53.70000 0.11361 1.07400 
79.25000 53.70000 0.11361 1.07400 
79.50000 53.70000 0.11361 1.07400 
79.75000 53.70000 0.11361 1.07400 
80.00000 53.70000 0.11361 1.07400 
80.25000 53.70000 0.11361 1.07400 
80.50000 53.70000 0.11361 1.07400 
80.75000 53.70000 0.11361 1.07400 
81.00000 53.70000 0.11361 1.07400 
81.25000 53.70000 0.11361 1.07400 
81.50000 53.70000 0.11361 1.07400 
81.75000 53.70000 0.11361 1.07400 
82.00000 53.70000 0.11361 1.07400 
82.25000 53.70000 0.11361 1.07400 
82.50000 51.80000 0.11361 1.03600 
82.75000 49.20000 0.11361 0.98400 
83.00000 48.60000 0.11361 0.97200 
83.25000 46.00000 0.11361 0.92000 
83.50000 43.50000 0.11361 0.87000 
83.75000 40.90000 0.11361 0.81800 
84.00000 38.40000 0.11361 0.76800 
84.25000 35.80000 0.11361 0.71600 
84.50000 33.20000 0.11361 0.66400 
84.75000 30.70000 0.11361 0.61400 
85.00000 28.10000 0.11361 0.56200 
85.25000 25.60000 0.11361 0.51200 
85.50000 23.00000 0.11361 0.46000 
85.75000 21.10000 0.11361 0.42200 
86.00000 20.40000 0.11361 0.40800 
86.25000 18.50000 0.11361 0.37000 
86.50000 17.90000 0.11361 0.35800 
86.75000 17.90000 0.11361 0.35800 
87.00000 17.90000 0.11361 0.35800 
87.25000 18.50000 0.11361 0.37000 
87.50000 20.40000 0.11361 0.40800 
87.75000 21.10000 0.11361 0.42200 
88.00000 23.00000 0.11361 0.46000 
88.25000 24.30000 0.11361 0.48600 
88.50000 26.20000 0.11361 0.52400 
88.75000 28.10000 0.11361 0.56200 
89.00000 30.70000 0.11361 0.61400 
89.25000 33.20000 0.11361 0.66400 
89.50000 35.80000 0.11361 0.71600 
89.75000 37.10000 0.11361 0.74200 
90.00000 39.00000 0.11361 0.78000 
90.25000 41.60000 0.11361 0.83200 
90.50000 43.50000 0.11361 0.87000 
90.75000 44.10000 0.11361 0.88200 
91.00000 46.00000 0.11361 0.92000 
91.25000 46.70000 0.11361 0.93400 
91.50000 46.70000 0.11361 0.93400 
91.75000 46.70000 0.11361 0.93400 
92.00000 46.70000 0.11361 0.93400 
92.25000 46.70000 0.11361 0.93400 
92.50000 46.70000 0.11361 0.93400 
92.75000 46.00000 0.11361 0.92000 
93.00000 44.10000 0.11361 0.88200 
93.25000 43.50000 0.11361 0.87000 
93.50000 41.60000 0.11361 0.83200 
93.75000 40.90000 0.11361 0.81800 
94.00000 38.40000 0.11361 0.76800 
94.25000 37.10000 0.11361 0.74200 
94.50000 35.80000 0.11361 0.71600 
94.75000 33.20000 0.11361 0.66400 
95.00000 31.30000 0.11361 0.62600 
95.25000 30.70000 0.11361 0.61400 
95.50000 28.80000 0.11361 0.57600 
95.75000 28.10000 0.11361 0.56200 
96.00000 26.20000 0.11361 0.52400 
96.25000 25.60000 0.11361 0.51200 
96.50000 25.60000 0.11361 0.51200 
96.75000 25.60000 0.11361 0.51200 
97.00000 25.60000 0.11361 0.51200 
97.25000 25.60000 0.11361 0.51200 
97.50000 25.60000 0.11361 0.51200 
97.75000 25.60000 0.11361 0.51200 
98.00000 26.20000 0.11361 0.52400 
98.25000 28.10000 0.11361 0.56200 
98.50000 28.80000 0.11361 0.57600 
98.75000 30.70000 0.11361 0.61400 
99.00000 31.30000 0.11361 0.62600 
99.25000 33.20000 0.11361 0.66400 
99.50000 33.90000 0.11361 0.67800 
99.75000 35.80000 0.11361 0.71600 
100.00000 37.10000 0.11361 0.74200 
100.25000 38.40000 0.11361 0.76800 
100.50000 39.00000 0.11361 0.78000 
100.75000 40.90000 0.11361 0.81800 
101.00000 41.60000 0.11361 0.83200 
101.25000 42.20000 0.11361 0.84400 
101.50000 42.20000 0.11361 0.84400 
101.75000 43.50000 0.11361 0.87000 
102.00000 43.50000 0.11361 0.87000 
102.25000 43.50000 0.11361 0.87000 
102.50000 43.50000 0.11361 0.87000 
102.75000 43.50000 0.11361 0.87000 
103.00000 41.60000 0.11361 0.83200 
103.25000 40.90000 0.11361 0.81800 
103.50000 40.90000 0.11361 0.81800 
103.75000 39.00000 0.11361 0.78000 
104.00000 38.40000 0.11361 0.76800 
104.25000 37.10000 0.11361 0.74200 
104.50000 35.80000 0.11361 0.71600 
104.75000 35.80000 0.11361 0.71600 
105.00000 33.90000 0.11361 0.67800 
105.25000 33.20000 0.11361 0.66400 
105.50000 31.30000 0.11361 0.62600 
105.75000 30.70000 0.11361 0.61400 
106.00000 30.70000 0.11361 0.61400 
106.25000 30.70000 0.11361 0.61400 
106.50000 28.80000 0.11361 0.57600 
106.75000 28.80000 0.11361 0.57600 
107.00000 28.80000 0.11361 0.57600 
107.25000 28.80000 0.11361 0.57600 
107.50000 28.80000 0.11361 0.57600 
107.75000 28.80000 0.11361 0.57600 
108.00000 28.80000 0.11361 0.57600 
108.25000 28.80000 0.11361 0.57600 
108.50000 30.70000 0.11361 0.61400 
108.75000 31.30000 0.11361 0.62600 
109.00000 32.00000 0.11361 0.64000 
109.25000 33.20000 0.11361 0.66400 
109.50000 33.90000 0.11361 0.67800 
109.75000 33.90000 0.11361 0.67800 
110.00000 35.80000 0.11361 0.71600 
110.25000 37.10000 0.11361 0.74200 
110.50000 37.10000 0.11361 0.74200 
110.75000 38.40000 0.11361 0.76800 
111.00000 39.00000 0.11361 0.78000 
111.25000 39.00000 0.11361 0.78000 
111.50000 39.60000 0.11361 0.79200 
111.75000 39.60000 0.11361 0.79200 
112.00000 40.90000 0.11361 0.81800 
112.25000 40.90000 0.11361 0.81800 
112.50000 40.90000 0.11361 0.81800 
112.75000 40.90000 0.11361 0.81800 
113.00000 40.90000 0.11361 0.81800 
113.25000 39.00000 0.11361 0.78000 
113.50000 39.00000 0.11361 0.78000 
113.75000 38.40000 0.11361 0.76800 
114.00000 38.40000 0.11361 0.76800 
114.25000 37.10000 0.11361 0.74200 
114.50000 36.40000 0.11361 0.72800 
114.75000 35.80000 0.11361 0.71600 
115.00000 35.80000 0.11361 0.71600 
115.25000 33.90000 0.11361 0.67800 
115.50000 33.20000 0.11361 0.66400 
115.75000 33.20000 0.11361 0.66400 
116.00000 33.20000 0.11361 0.66400 
116.25000 32.00000 0.11361 0.64000 
116.50000 31.30000 0.11361 0.62600 
116.75000 31.30000 0.11361 0.62600 
117.00000 30.70000 0.11361 0.61400 
117.25000 30.70000 0.11361 0.61400 
117.50000 30.70000 0.11361 0.61400 
117.75000 31.30000 0.11361 0.62600 
118.00000 31.30000 0.11361 0.62600 
118.25000 31.30000 0.11361 0.62600 
118.50000 32.00000 0.11361 0.64000 
118.75000 32.00000 0.11361 0.64000 
119.00000 33.20000 0.11361 0.66400 
119.25000 33.90000 0.11361 0.67800 
119.50000 33.90000 0.11361 0.67800 
119.75000 33.90000 0.11361 0.67800 
120.00000 35.80000 0.11361 0.71600 
120.25000 35.80000 0.11361 0.71600 
120.50000 36.40000 0.11361 0.72800 
120.75000 37.10000 0.11361 0.74200 
121.00000 37.10000 0.11361 0.74200 
121.25000 38.40000 0.11361 0.76800 
121.50000 38.40000 0.11361 0.76800 
121.75000 38.40000 0.11361 0.76800 
122.00000 39.00000 0.11361 0.78000 
122.25000 39.00000 0.11361 0.78000 
122.50000 39.00000 0.11361 0.78000 
122.75000 39.00000 0.11361 0.78000 
123.00000 39.00000 0.11361 0.78000 
123.25000 38.40000 0.11361 0.76800 
123.50000 38.40000 0.11361 0.76800 
123.75000 38.40000 0.11361 0.76800 
124.00000 38.40000 0.11361 0.76800 
124.25000 37.10000 0.11361 0.74200 
124.50000 36.40000 0.11361 0.72800 
124.75000 35.80000 0.11361 0.71600 
125.00000 35.80000 0.11361 0.71600 
125.25000 35.80000 0.11361 0.71600 
125.50000 35.80000 0.11361 0.71600 
125.75000 33.90000 0.11361 0.67800 
126.00000 33.90000 0.11361 0.67800 
126.25000 33.20000 0.11361 0.66400 
126.50000 33.20000 0.11361 0.66400 
126.75000 33.20000 0.11361 0.66400 
127.00000 33.20000 0.11361 0.66400 
127.25000 33.20000 0.11361 0.66400 
127.50000 33.20000 0.11361 0.66400 
127.75000 33.20000 0.11361 0.66400 
128.00000 33.20000 0.11361 0.66400 
128.25000 33.20000 0.11361 0.66400 
128.50000 33.20000 0.11361 0.66400 
128.75000 33.20000 0.11361 0.66400 
129.00000 33.90000 0.11361 0.67800 
129.25000 33.90000 0.11361 0.67800 
129.50000 33.90000 0.11361 0.67800 
129.75000 33.90000 0.11361 0.67800 
130.00000 33.90000 0.11361 0.67800 
130.25000 35.80000 0.11361 0.71600 
130.50000 35.80000 0.11361 0.71600 
130.75000 36.40000 0.11361 0.72800 
131.00000 36.40000 0.11361 0.72800 
131.25000 37.10000 0.11361 0.74200 
131.50000 37.10000 0.11361 0.74200 
131.75000 37.10000 0.11361 0.74200 
132.00000 37.10000 0.11361 0.74200 
132.25000 37.10000 0.11361 0.74200 
132.50000 37.10000 0.11361 0.74200 
132.75000 37.10000 0.11361 0.74200 
133.00000 37.10000 0.11361 0.74200 
133.25000 37.10000 0.11361 0.74200 
133.50000 37.10000 0.11361 0.74200 
133.75000 37.10000 0.11361 0.74200 
134.00000 37.10000 0.11361 0.74200 
134.25000 36.40000 0.11361 0.72800 
134.50000 36.40000 0.11361 0.72800 
134.75000 35.80000 0.11361 0.71600 
135.00000 35.80000 0.11361 0.71600 
135.25000 35.80000 0.11361 0.71600 
135.50000 35.80000 0.11361 0.71600 
135.75000 35.80000 0.11361 0.71600 
136.00000 33.90000 0.11361 0.67800 
136.25000 33.90000 0.11361 0.67800 
136.50000 33.90000 0.11361 0.67800 
136.75000 33.90000 0.11361 0.67800 
137.00000 33.90000 0.11361 0.67800 
137.25000 33.20000 0.11361 0.66400 
137.50000 33.20000 0.11361 0.66400 
137.75000 33.20000 0.11361 0.66400 
138.00000 33.20000 0.11361 0.66400 
138.25000 33.20000 0.11361 0.66400 
138.50000 33.20000 0.11361 0.66400 
138.75000 33.90000 0.11361 0.67800 
139.00000 33.90000 0.11361 0.67800 
139.25000 33.90000 0.11361 0.67800 
139.50000 33.90000 0.11361 0.67800 
139.75000 33.90000 0.11361 0.67800 
140.00000 33.90000 0.11361 0.67800 
140.25000 33.90000 0.11361 0.67800 
140.50000 35.80000 0.11361 0.71600 
140.75000 35.80000 0.11361 0.71600 
141.00000 35.80000 0.11361 0.71600 
141.25000 35.80000 0.11361 0.71600 
141.50000 36.40000 0.11361 0.72800 
141.75000 36.40000 0.11361 0.72800 
142.00000 37.10000 0.11361 0.74200 
142.25000 37.10000 0.11361 0.74200 
142.50000 37.10000 0.11361 0.74200 
142.75000 37.10000 0.11361 0.74200 
143.00000 37.10000 0.11361 0.74200 
143.25000 37.10000 0.11361 0.74200 
143.50000 37.10000 0.11361 0.74200 
143.75000 37.10000 0.11361 0.74200 
144.00000 36.40000 0.11361 0.72800 
144.25000 36.40000 0.11361 0.72800 
144.50000 36.40000 0.11361 0.72800 
144.75000 35.80000 0.11361 0.71600 
145.00000 35.80000 0.11361 0.71600 
145.25000 35.80000 0.11361 0.71600 
145.50000 35.80000 0.11361 0.71600 
145.75000 35.80000 0.11361 0.71600 
146.00000 35.80000 0.11361 0.71600 
146.25000 35.80000 0.11361 0.71600 
146.50000 35.80000 0.11361 0.71600 
146.75000 35.80000 0.11361 0.71600 
147.00000 35.80000 0.11361 0.71600 
147.25000 35.80000 0.11361 0.71600 
147.50000 35.80000 0.11361 0.71600 
147.75000 35.80000 0.11361 0.71600 
148.00000 35.80000 0.11361 0.71600 
148.25000 35.80000 0.11361 0.71600 
148.50000 35.80000 0.11361 0.71600 
148.75000 35.80000 0.11361 0.71600 
149.00000 35.80000 0.11361 0.71600 
149.25000 35.80000 0.11361 0.71600 
149.50000 35.80000 0.11361 0.71600 
149.75000 35.80000 0.11361 0.71600 
150.00000 35.80000 0.11361 0.71600 
150.25000 35.80000 0.11361 0.71600 
150.50000 35.80000 0.11361 0.71600 
150.75000 35.80000 0.11361 0.71600 
151.00000 35.80000 0.11361 0.71600 
151.25000 35.80000 0.11361 0.71600 
151.50000 35.80000 0.11361 0.71600 
151.75000 35.80000 0.11361 0.71600 
152.00000 35.80000 0.11361 0.71600 
152.25000 35.80000 0.11361 0.71600 
152.50000 35.80000 0.11361 0.71600 
152.75000 35.80000 0.11361 0.71600 
153.00000 35.80000 0.11361 0.71600 
153.25000 35.80000 0.11361 0.71600 
153.50000 35.80000 0.11361 0.71600 
153.75000 35.80000 0.11361 0.71600 
154.00000 35.80000 0.11361 0.71600 
154.25000 35.80000 0.11361 0.71600 
154.50000 35.80000 0.11361 0.71600 
154.75000 35.80000 0.11361 0.71600 
155.00000 33.90000 0.11361 0.67800 
155.25000 33.90000 0.11361 0.67800 
155.50000 33.90000 0.11361 0.67800 
155.75000 33.90000 0.11361 0.67800 
156.00000 33.90000 0.11361 0.67800 
156.25000 33.90000 0.11361 0.67800 
156.50000 33.90000 0.11361 0.67800 
156.75000 33.90000 0.11361 0.67800 
157.00000 33.90000 0.11361 0.67800 
157.25000 33.90000 0.11361 0.67800 
157.50000 33.90000 0.11361 0.67800 
157.75000 33.90000 0.11361 0.67800 
158.00000 33.90000 0.11361 0.67800 
158.25000 33.90000 0.11361 0.67800 
158.50000 33.90000 0.11361 0.67800 
158.75000 33.90000 0.11361 0.67800 
159.00000 33.90000 0.11361 0.67800 
159.25000 33.90000 0.11361 0.67800 
159.50000 33.90000 0.11361 0.67800 
159.75000 33.90000 0.11361 0.67800 
160.00000 33.90000 0.11361 0.67800 
160.25000 33.90000 0.11361 0.67800 
