611.00000 611.00000 606.00000 373321.00000 
606.00000 600.00000 606.00000 366600.00000 
606.00000 617.00000 606.00000 376987.00000 
617.00000 611.00000 606.00000 373321.00000 
610.00000 608.00000 606.00000 371488.00000 
610.00000 636.00000 606.00000 388596.00000 
617.00000 610.00000 606.00000 372710.00000 
610.00000 NaN 606.00000 NaN 
NaN NaN 606.00000 NaN 
NaN NaN 606.00000 NaN 
NaN NaN 606.00000 NaN 
NaN NaN 606.00000 NaN 
NaN NaN 606.00000 NaN 
NaN NaN 606.00000 NaN 
NaN NaN 606.00000 NaN 
NaN NaN 606.00000 NaN 
NaN NaN 606.00000 NaN 
