0.00000 48.60000 48.50769 0.11361 0.97200
0.06250 46.00000 45.97448 0.11361 0.92000
0.25000 43.50000 43.44126 0.11361 0.87000
0.56250 40.90000 40.90804 0.11361 0.81800
1.00000 38.40000 38.37483 0.11361 0.76800
1.56250 35.80000 35.84161 0.11361 0.71600
2.25000 33.20000 33.30839 0.11361 0.66400
3.06250 30.70000 30.77518 0.11361 0.61400
4.00000 28.10000 28.24196 0.11361 0.56200
5.06250 25.60000 25.70874 0.11361 0.51200
6.25000 23.00000 23.17553 0.11361 0.46000
7.56250 21.10000 20.64231 0.11361 0.42200
